16.1278 -91.4595 1 1 0 0
18.2413 -91.4373 1 2 0 1
22.7733 -91.3899 1 3 0 2
24.2126 -89.7836 1 4 0 3
24.2293 -91.3746 1 5 0 4
25.8202 -89.7668 1 6 0 5
25.8369 -91.3578 1 7 0 6
26.5913 -91.3746 1 8 0 7
27.4357 -90.3785 1 9 0 8
27.4357 -89.403 1 10 0 9
27.4357 -87.9493 1 11 0 10
27.4357 -86.968 1 12 0 11
29.183 -91.3578 1 13 0 12
29.183 -87.6267 1 14 0 13
30.8374 -91.3746 1 15 0 14
30.8374 -88.6558 1 16 0 15
32.3709 -91.3746 1 17 0 16
24.2086 -89.403 1 4 1 17
25.8162 -89.3823 1 6 1 18
29.1752 -86.8826 1 14 1 19
30.8315 -88.0896 1 16 1 20
10.1966 -78.9573 2 1 0 21
10.1966 -63.2644 2 2 0 22
10.1947 -49.4248 2 3 0 23
10.1966 -47.0839 2 4 0 24
10.2022 -50.6415 2 5 0 25
12.9163 -81.5295 2 6 0 26
14.6198 -83.8734 2 7 0 27
14.6487 -86.6363 2 8 0 28
14.6615 -87.8572 2 9 0 29
14.6795 -89.5768 2 10 0 30
14.6904 -90.6206 2 11 0 31
15.9184 -89.5638 2 12 0 32
15.923 -87.9529 2 13 0 33
16.2925 -89.5599 2 12 1 34
17.8425 -89.5599 2 12 2 35
19.07 -89.5599 2 12 3 36
20.2975 -89.5599 2 12 4 37
21.525 -89.5599 2 12 5 38
22.7525 -89.5599 2 12 6 39
16.2657 -87.9493 2 13 1 40
17.4751 -87.9493 2 13 2 41
18.6845 -87.9493 2 13 3 42
19.8939 -87.9493 2 13 4 43
21.1034 -87.9493 2 13 5 44
22.3128 -87.9493 2 13 6 45
23.5222 -87.9493 2 13 7 46
24.7316 -87.9493 2 13 8 47
25.941 -87.9493 2 13 9 48
8.94348 -33.0525 3 1 0 49
8.95689 -34.3332 3 2 0 50
8.969 -36.8847 3 3 0 51
8.9702 -35.6038 3 4 0 52
8.97017 -31.7614 3 5 0 53
8.98251 -38.1753 3 6 0 54
8.99593 -39.456 3 7 0 55
10.1209 -30.5932 3 8 0 56
10.133 -31.7492 3 9 0 57
10.1376 -33.0483 3 10 0 58
10.1497 -35.5997 3 11 0 59
10.1555 -38.1873 3 12 0 60
10.152 -34.329 3 13 0 61
10.1611 -36.9159 3 14 0 62
10.174 -40.6091 3 15 0 63
10.1759 -39.4586 3 16 0 64
7.96095 -33.0628 3 1 1 65
6.62807 -33.0768 3 1 2 66
5.29323 -33.0907 3 1 3 67
3.95839 -33.1047 3 1 4 68
2.62355 -33.1187 3 1 5 69
1.28871 -33.1327 3 1 6 70
7.97436 -34.3435 3 2 1 71
6.64148 -34.3574 3 2 2 72
5.30664 -34.3714 3 2 3 73
3.9718 -34.3854 3 2 4 74
2.63696 -34.3994 3 2 5 75
1.30212 -34.4133 3 2 6 76
8.00119 -36.9048 3 3 1 77
6.6683 -36.9188 3 3 2 78
5.33346 -36.9327 3 3 3 79
3.99862 -36.9467 3 3 4 80
2.66378 -36.9607 3 3 5 81
1.32894 -36.9747 3 3 6 82
7.98778 -35.6241 3 4 1 83
6.65489 -35.6381 3 4 2 84
5.32005 -35.6521 3 4 3 85
3.98521 -35.666 3 4 4 86
2.65037 -35.68 3 4 5 87
1.31553 -35.694 3 4 6 88
7.947 -31.7821 3 5 1 89
6.61466 -31.7961 3 5 2 90
5.27982 -31.8101 3 5 3 91
3.94498 -31.824 3 5 4 92
2.61014 -31.838 3 5 5 93
1.2753 -31.852 3 5 6 94
8.0146 -38.1855 3 6 1 95
6.68171 -38.1994 3 6 2 96
5.34687 -38.2134 3 6 3 97
4.01203 -38.2274 3 6 4 98
2.67719 -38.2414 3 6 5 99
1.34235 -38.2553 3 6 6 100
8.028 -39.4661 3 7 1 101
6.69513 -39.4801 3 7 2 102
5.36029 -39.4941 3 7 3 103
4.02545 -39.508 3 7 4 104
2.6906 -39.522 3 7 5 105
1.35576 -39.536 3 7 6 106
23.0841 -49.9549 4 1 0 107
23.8133 -49.9549 4 2 0 108
24.0053 -51.0886 4 3 0 109
24.0569 -49.613 4 4 0 110
24.0604 -47.6181 4 5 0 111
24.0662 -48.7639 4 6 0 112
24.0839 -46.7223 4 7 0 113
25.1102 -51.1175 4 8 0 114
25.1325 -49.9549 4 9 0 115
25.1927 -48.7934 4 10 0 116
25.223 -47.6393 4 11 0 117
27.2162 -51.1581 4 8 1 118
28.6532 -51.1957 4 8 2 119
27.2467 -49.9957 4 9 1 120
28.6835 -50.0392 4 9 2 121
26.007 -48.8001 4 10 1 122
27.2771 -48.8333 4 10 2 123
28.7138 -48.8826 4 10 3 124
26.0238 -47.6367 4 11 1 125
27.3076 -47.671 4 11 2 126
28.7441 -47.7261 4 11 3 127
13.8688 -43.0831 5 1 0 128
20.6895 -44.1967 5 2 0 129
22.3206 -44.1967 5 3 0 130
22.8846 -44.1967 5 4 0 131
22.8846 -40.9286 5 5 0 132
24.1936 -38.2356 5 6 0 133
24.9784 -39.7598 5 7 0 134
25.2828 -38.4481 5 8 0 135
26.38 -39.7549 5 9 0 136
27.7666 -37.6933 5 10 0 137
28.4821 -39.5654 5 11 0 138
29.7884 -38.5667 5 12 0 139
30.1413 -35.4043 5 13 0 140
30.2 -33.7012 5 14 0 141
30.2265 -32.1815 5 15 0 142
24.9727 -40.5554 5 7 1 143
26.3827 -40.5221 5 9 1 144
28.4781 -40.2588 5 11 1 145
29.7908 -39.265 5 12 1 146
8.44289 -1.71124 6 1 0 147
8.45598 -2.96051 6 2 0 148
8.46906 -4.20979 6 3 0 149
8.48214 -5.45907 6 4 0 150
8.49523 -6.70834 6 5 0 151
8.50831 -7.95762 6 6 0 152
8.52139 -9.2069 6 7 0 153
8.53447 -10.4562 6 8 0 154
8.54752 -11.7017 6 9 0 155
8.56064 -12.9547 6 10 0 156
8.57368 -14.1998 6 11 0 157
8.58681 -15.4533 6 12 0 158
8.59989 -16.7026 6 13 0 159
8.61297 -17.9518 6 14 0 160
8.62606 -19.2011 6 15 0 161
8.64122 -20.6493 6 16 0 162
8.65798 -22.2495 6 17 0 163
8.67473 -23.8494 6 18 0 164
8.69159 -25.4595 6 19 0 165
10.0281 -1.7057 6 20 0 166
10.0325 -2.95501 6 21 0 167
10.0513 -5.4581 6 22 0 168
10.0529 -4.20979 6 23 0 169
10.06 -7.95672 6 24 0 170
10.0607 -6.72545 6 25 0 171
10.0674 -12.954 6 26 0 172
10.0663 -11.7227 6 27 0 173
10.0643 -9.20151 6 28 0 174
10.0687 -10.4643 6 29 0 175
10.0761 -15.4526 6 30 0 176
10.075 -14.2033 6 31 0 177
10.0849 -17.9512 6 32 0 178
10.0838 -16.7108 6 33 0 179
10.0892 -19.196 6 34 0 180
10.0943 -20.6574 6 35 0 181
10.0998 -22.2445 6 36 0 182
10.1211 -25.4589 6 37 0 183
10.1214 -23.8444 6 38 0 184
10.132 -27.1424 6 39 0 185
10.1404 -28.0236 6 40 0 186
10.1468 -28.6907 6 41 0 187
7.80239 -1.71797 6 1 1 188
6.47428 -1.72493 6 1 2 189
5.14618 -1.73188 6 1 3 190
3.81808 -1.73883 6 1 4 191
2.48998 -1.74579 6 1 5 192
1.16187 -1.75274 6 1 6 193
7.80892 -2.96637 6 2 1 194
6.48082 -2.97353 6 2 2 195
5.15272 -2.98069 6 2 3 196
3.82462 -2.98786 6 2 4 197
2.49652 -2.99503 6 2 5 198
1.16841 -3.00219 6 2 6 199
7.81546 -4.21476 6 3 1 200
6.48736 -4.22214 6 3 2 201
5.15926 -4.22951 6 3 3 202
3.83116 -4.23689 6 3 4 203
2.50306 -4.24426 6 3 5 204
1.17496 -4.25164 6 3 6 205
7.822 -5.46315 6 4 1 206
6.4939 -5.47074 6 4 2 207
5.1658 -5.47833 6 4 3 208
3.8377 -5.48591 6 4 4 209
2.5096 -5.4935 6 4 5 210
1.1815 -5.50108 6 4 6 211
7.82853 -6.71155 6 5 1 212
6.50044 -6.71935 6 5 2 213
5.17234 -6.72714 6 5 3 214
3.84424 -6.73494 6 5 4 215
2.51614 -6.74274 6 5 5 216
1.18804 -6.75053 6 5 6 217
7.83507 -7.95994 6 6 1 218
6.50697 -7.96795 6 6 2 219
5.17887 -7.97596 6 6 3 220
3.85078 -7.98397 6 6 4 221
2.52268 -7.99197 6 6 5 222
1.19458 -7.99998 6 6 6 223
7.84161 -9.20834 6 7 1 224
6.51351 -9.21655 6 7 2 225
5.18541 -9.22477 6 7 3 226
3.85732 -9.23299 6 7 4 227
2.52922 -9.24121 6 7 5 228
1.20113 -9.24943 6 7 6 229
7.84814 -10.4567 6 8 1 230
6.52005 -10.4652 6 8 2 231
5.19195 -10.4736 6 8 3 232
3.86386 -10.482 6 8 4 233
2.53576 -10.4904 6 8 5 234
1.20767 -10.4989 6 8 6 235
7.85468 -11.7051 6 9 1 236
6.52659 -11.7138 6 9 2 237
5.19849 -11.7224 6 9 3 238
3.8704 -11.731 6 9 4 239
2.5423 -11.7397 6 9 5 240
1.21421 -11.7483 6 9 6 241
7.86122 -12.9535 6 10 1 242
6.53312 -12.9624 6 10 2 243
5.20503 -12.9712 6 10 3 244
3.87694 -12.9801 6 10 4 245
2.54885 -12.9889 6 10 5 246
1.22075 -12.9978 6 10 6 247
7.86775 -14.2019 6 11 1 248
6.53966 -14.211 6 11 2 249
5.21157 -14.22 6 11 3 250
3.88348 -14.2291 6 11 4 251
2.55539 -14.2382 6 11 5 252
1.22729 -14.2472 6 11 6 253
7.87429 -15.4503 6 12 1 254
6.5462 -15.4596 6 12 2 255
5.21811 -15.4689 6 12 3 256
3.89002 -15.4781 6 12 4 257
2.56193 -15.4874 6 12 5 258
1.23384 -15.4967 6 12 6 259
7.88088 -16.7095 6 13 1 260
6.55281 -16.7231 6 13 2 261
5.22475 -16.7368 6 13 3 262
3.89668 -16.7506 6 13 4 263
2.56861 -16.7644 6 13 5 264
1.24055 -16.7783 6 13 6 265
7.88743 -17.9588 6 14 1 266
6.55936 -17.9724 6 14 2 267
5.23129 -17.9861 6 14 3 268
3.90322 -17.9999 6 14 4 269
2.57516 -18.0137 6 14 5 270
1.24709 -18.0276 6 14 6 271
7.89397 -19.2082 6 15 1 272
6.5659 -19.2217 6 15 2 273
5.23783 -19.2354 6 15 3 274
3.90976 -19.2492 6 15 4 275
2.5817 -19.263 6 15 5 276
1.25363 -19.2768 6 15 6 277
7.86311 -20.6565 6 16 1 278
6.6357 -20.6695 6 16 2 279
5.4083 -20.6825 6 16 3 280
4.18089 -20.6955 6 16 4 281
2.95348 -20.7085 6 16 5 282
1.72608 -20.7216 6 16 6 283
0.498671 -20.7346 6 16 7 284
7.86871 -22.2598 6 17 1 285
6.6413 -22.2729 6 17 2 286
5.41389 -22.2859 6 17 3 287
4.18649 -22.299 6 17 4 288
2.95908 -22.312 6 17 5 289
1.73167 -22.325 6 17 6 290
0.504268 -22.338 6 17 7 291
7.8743 -23.8633 6 18 1 292
6.6469 -23.8763 6 18 2 293
5.41949 -23.8894 6 18 3 294
4.19208 -23.9024 6 18 4 295
2.96468 -23.9154 6 18 5 296
1.73727 -23.9285 6 18 6 297
0.509865 -23.9415 6 18 7 298
7.8799 -25.4667 6 19 1 299
6.65249 -25.4797 6 19 2 300
5.42509 -25.4928 6 19 3 301
4.19768 -25.5058 6 19 4 302
2.97027 -25.5188 6 19 5 303
1.74287 -25.5319 6 19 6 304
0.515462 -25.5449 6 19 7 305
12.3153 -30.2319 7 1 0 306
13.8239 -30.2174 7 2 0 307
15.6207 -28.9635 7 3 0 308
15.625 -30.2111 7 4 0 309
16.978 -30.2064 7 5 0 310
16.9807 -28.9492 7 6 0 311
18.3508 -28.9349 7 7 0 312
18.3552 -30.2016 7 8 0 313
19.7409 -28.9203 7 9 0 314
19.7453 -30.1967 7 10 0 315
21.0909 -28.9062 7 11 0 316
21.0954 -30.192 7 12 0 317
22.4445 -29.0043 7 13 0 318
22.4527 -30.1873 7 14 0 319
23.7395 -28.95 7 15 0 320
23.7438 -30.1828 7 16 0 321
25.0305 -28.9455 7 17 0 322
25.0348 -30.1782 7 18 0 323
26.3263 -28.9279 7 19 0 324
26.3307 -30.1737 7 20 0 325
27.6126 -28.9056 7 21 0 326
27.617 -30.1692 7 22 0 327
28.8866 -28.9077 7 23 0 328
28.9081 -30.1647 7 24 0 329
30.1736 -30.1603 7 25 0 330
30.2113 -28.8736 7 26 0 331
31.4859 -28.9099 7 27 0 332
31.4902 -30.1557 7 28 0 333
32.7768 -28.8646 7 29 0 334
32.7813 -30.1512 7 30 0 335
34.0681 -28.9139 7 31 0 336
34.0724 -30.1467 7 32 0 337
35.3589 -28.9094 7 33 0 338
35.3634 -30.1422 7 34 0 339
36.9713 -30.1366 7 35 0 340
15.6105 -27.9916 7 3 1 341
15.6053 -26.6302 7 3 2 342
15.6002 -25.2688 7 3 3 343
15.5951 -23.9073 7 3 4 344
15.59 -22.5459 7 3 5 345
15.5828 -21.1665 7 3 6 346
16.9704 -27.9786 7 6 1 347
16.9653 -26.6171 7 6 2 348
16.9602 -25.2557 7 6 3 349
16.9551 -23.8943 7 6 4 350
16.95 -22.5328 7 6 5 351
18.3404 -27.9654 7 7 1 352
18.3353 -26.604 7 7 2 353
18.3302 -25.2425 7 7 3 354
18.3251 -23.8811 7 7 4 355
18.32 -22.5197 7 7 5 356
19.7304 -27.9521 7 9 1 357
19.7253 -26.5906 7 9 2 358
19.7202 -25.2292 7 9 3 359
19.7151 -23.8678 7 9 4 360
19.71 -22.5063 7 9 5 361
19.705 -21.1449 7 9 6 362
21.0804 -27.9391 7 11 1 363
21.0752 -26.5777 7 11 2 364
21.0701 -25.2162 7 11 3 365
21.065 -23.8548 7 11 4 366
21.0599 -22.4934 7 11 5 367
21.055 -21.132 7 11 6 368
22.445 -27.926 7 13 1 369
22.4404 -26.5646 7 13 2 370
22.4357 -25.2031 7 13 3 371
22.431 -23.8417 7 13 4 372
22.4262 -22.4803 7 13 5 373
22.4215 -21.1188 7 13 6 374
23.7363 -27.9136 7 15 1 375
23.7316 -26.5723 7 15 2 376
23.7268 -25.2058 7 15 3 377
23.7221 -23.8392 7 15 4 378
23.7173 -22.4727 7 15 5 379
23.7125 -21.1064 7 15 6 380
25.0273 -27.9012 7 17 1 381
25.0226 -26.5599 7 17 2 382
25.0178 -25.1934 7 17 3 383
25.0131 -23.8269 7 17 4 384
25.0083 -22.4603 7 17 5 385
25.0035 -21.094 7 17 6 386
26.3183 -27.8888 7 19 1 387
26.3136 -26.5475 7 19 2 388
26.3088 -25.181 7 19 3 389
26.3041 -23.8145 7 19 4 390
26.2993 -22.4479 7 19 5 391
26.2945 -21.0817 7 19 6 392
27.6093 -27.8764 7 21 1 393
27.6046 -26.5352 7 21 2 394
27.5998 -25.1686 7 21 3 395
27.5951 -23.8021 7 21 4 396
27.5903 -22.4355 7 21 5 397
27.5855 -21.0693 7 21 6 398
28.9003 -27.864 7 23 1 399
28.8956 -26.5228 7 23 2 400
28.8908 -25.1562 7 23 3 401
28.8861 -23.7897 7 23 4 402
28.8813 -22.4231 7 23 5 403
28.8765 -21.0569 7 23 6 404
30.1913 -27.8516 7 26 1 405
30.1866 -26.5104 7 26 2 406
30.1818 -25.1438 7 26 3 407
30.1771 -23.7773 7 26 4 408
30.1723 -22.4107 7 26 5 409
30.1675 -21.0445 7 26 6 410
31.4823 -27.8392 7 27 1 411
31.4776 -26.498 7 27 2 412
31.4728 -25.1314 7 27 3 413
31.4681 -23.7649 7 27 4 414
31.4633 -22.3983 7 27 5 415
31.4585 -21.0321 7 27 6 416
32.7733 -27.8269 7 29 1 417
32.7686 -26.4856 7 29 2 418
32.7638 -25.119 7 29 3 419
32.7591 -23.7525 7 29 4 420
32.7543 -22.386 7 29 5 421
32.7495 -21.0197 7 29 6 422
34.0643 -27.8145 7 31 1 423
34.0596 -26.4732 7 31 2 424
34.0548 -25.1066 7 31 3 425
34.0501 -23.7401 7 31 4 426
34.0453 -22.3736 7 31 5 427
34.0405 -21.0073 7 31 6 428
35.355 -27.8021 7 33 1 429
35.3503 -26.4608 7 33 2 430
35.3456 -25.0942 7 33 3 431
35.3408 -23.7277 7 33 4 432
35.336 -22.3612 7 33 5 433
35.3312 -20.9949 7 33 6 434
1.62 -0.127545 8 1 0 435
1.62 2.55475 8 2 0 436
2.71479 -0.127545 8 3 0 437
2.71479 2.55475 8 4 0 438
3.80958 -0.127545 8 5 0 439
3.80958 2.55499 8 6 0 440
4.75836 -0.127545 8 7 0 441
8.21808 -0.127545 8 8 0 442
9.94435 8.50725 8 9 0 443
10.0226 -0.121246 8 10 0 444
10.0316 1.90175 8 11 0 445
1.62 3.06369 8 2 1 446
2.71479 3.06369 8 4 1 447
3.80958 3.06369 8 6 1 448
11.9094 -0.121244 9 1 0 449
19.3361 -0.025437 9 2 0 450
29.3355 0.023322 9 3 0 451
37.5438 0.040498 9 4 0 452
9.80636 18.332 10 1 0 453
9.92556 13.8892 10 2 0 454
11.786 16.0483 10 3 0 455
12.9163 16.0538 10 4 0 456
13.7561 16.0481 10 5 0 457
13.7779 15.0799 10 6 0 458
14.7704 15.0799 10 7 0 459
14.7704 16.0588 10 8 0 460
15.7913 15.082 10 9 0 461
15.8001 16.0638 10 10 0 462
16.8059 16.0588 10 11 0 463
18.177 19.0193 10 12 0 464
18.7683 14.5104 10 13 0 465
19.6253 14.5104 10 14 0 466
19.6253 16.5102 10 15 0 467
20.7731 14.5105 10 16 0 468
20.8026 15.6339 10 17 0 469
21.9396 14.5105 10 18 0 470
21.9548 15.6339 10 19 0 471
23.0841 14.5064 10 20 0 472
23.107 15.6459 10 21 0 473
24.2497 14.5105 10 22 0 474
24.2592 15.6339 10 23 0 475
25.3876 14.5105 10 24 0 476
25.4115 15.6459 10 25 0 477
26.549 14.541 10 26 0 478
26.5637 15.6459 10 27 0 479
27.712 14.5368 10 28 0 480
27.7319 15.6123 10 29 0 481
28.8566 14.5105 10 30 0 482
28.8863 15.6345 10 31 0 483
30.0204 15.6339 10 32 0 484
30.0371 14.5105 10 33 0 485
31.16 14.5216 10 34 0 486
31.1726 15.6339 10 35 0 487
32.3186 14.5105 10 36 0 488
32.3305 15.614 10 37 0 489
33.4504 14.5104 10 38 0 490
33.4716 15.6339 10 39 0 491
34.6323 14.5104 10 40 0 492
34.6465 15.6585 10 41 0 493
35.6802 14.5104 10 42 0 494
37.4423 14.5039 10 43 0 495
13.7633 13.9942 10 6 1 496
14.7704 14.0052 10 7 1 497
15.8001 13.9977 10 9 1 498
19.6096 19.0115 10 12 1 499
20.761 19.0155 10 12 2 500
19.6345 17.7147 10 15 1 501
19.5846 20.3123 10 15 2 502
19.5595 21.622 10 15 3 503
20.8026 16.4218 10 17 1 504
20.7859 17.7187 10 17 2 505
20.736 20.3163 10 17 3 506
20.7027 21.626 10 17 4 507
21.9548 16.4258 10 19 1 508
21.9373 17.7227 10 19 2 509
21.9124 19.0195 10 19 3 510
21.8874 20.3203 10 19 4 511
21.8623 21.63 10 19 5 512
23.107 16.4298 10 21 1 513
23.0887 17.7267 10 21 2 514
23.0638 19.0235 10 21 3 515
23.0388 20.3243 10 21 4 516
23.0137 21.634 10 21 5 517
24.2592 16.4338 10 23 1 518
24.2401 17.7307 10 23 2 519
24.2152 19.0275 10 23 3 520
24.1902 20.3283 10 23 4 521
24.1651 21.6381 10 23 5 522
25.4115 16.4379 10 25 1 523
25.3915 17.7347 10 25 2 524
25.3666 19.0315 10 25 3 525
25.3416 20.3323 10 25 4 526
25.3165 21.6421 10 25 5 527
26.5637 16.4419 10 27 1 528
26.5429 17.7387 10 27 2 529
26.518 19.0355 10 27 3 530
26.493 20.3363 10 27 4 531
26.4679 21.6461 10 27 5 532
27.7159 16.4459 10 29 1 533
27.6943 17.7427 10 29 2 534
27.6694 19.0395 10 29 3 535
27.6444 20.3403 10 29 4 536
27.6193 21.6501 10 29 5 537
28.8681 16.4499 10 31 1 538
28.8457 17.7467 10 31 2 539
28.8208 19.0435 10 31 3 540
28.7958 20.3443 10 31 4 541
28.7707 21.6541 10 31 5 542
30.0204 16.4539 10 32 1 543
29.9971 17.7507 10 32 2 544
29.9722 19.0475 10 32 3 545
29.9472 20.3483 10 32 4 546
29.9221 21.6582 10 32 5 547
31.1726 16.4579 10 35 1 548
31.1485 17.7547 10 35 2 549
31.1236 19.0515 10 35 3 550
31.0986 20.3523 10 35 4 551
31.0735 21.6622 10 35 5 552
32.3248 16.4621 10 37 1 553
32.2999 17.7587 10 37 2 554
32.275 19.0555 10 37 3 555
32.25 20.3563 10 37 4 556
32.2249 21.6662 10 37 5 557
33.478 16.465 10 39 1 558
33.4541 17.7089 10 39 2 559
33.4299 18.9682 10 39 3 560
33.4045 20.2911 10 39 4 561
33.3781 21.6696 10 39 5 562
34.631 16.467 10 41 1 563
34.6072 17.7071 10 41 2 564
34.583 18.9676 10 41 3 565
34.5574 20.3007 10 41 4 566
34.531 21.6736 10 41 5 567
9.77323 27.825 11 1 0 568
9.77668 26.8353 11 2 0 569
11.7492 29.9203 11 3 0 570
16.6596 30.0335 11 4 0 571
18.1527 28.357 11 5 0 572
18.2341 30.05 11 6 0 573
19.4513 28.9687 11 7 0 574
19.5212 30.05 11 8 0 575
20.0549 30.0479 11 9 0 576
20.613 28.9809 11 10 0 577
20.7094 30.05 11 11 0 578
21.7656 28.993 11 12 0 579
21.8217 30.05 11 13 0 580
22.9119 29.005 11 14 0 581
22.9927 30.05 11 15 0 582
24.068 29.0171 11 16 0 583
24.1433 30.05 11 17 0 584
25.2216 28.9692 11 18 0 585
25.3141 30.05 11 19 0 586
26.3911 28.9814 11 20 0 587
26.4369 30.05 11 21 0 588
27.5276 28.9933 11 22 0 589
27.6082 30.05 11 23 0 590
28.6806 29.0054 11 24 0 591
28.7369 30.05 11 25 0 592
29.834 28.981 11 26 0 593
29.8994 30.05 11 27 0 594
30.987 28.9931 11 28 0 595
31.0258 30.05 11 29 0 596
32.1404 28.9653 11 30 0 597
32.1826 30.05 11 31 0 598
33.293 28.978 11 32 0 599
33.3252 30.05 11 33 0 600
34.446 29.015 11 34 0 601
34.5313 30.05 11 35 0 602
35.5026 30.05 11 36 0 603
37.56 30.0571 11 37 0 604
19.4661 28.0007 11 7 1 605
19.4841 26.7009 11 7 2 606
19.5021 25.4011 11 7 3 607
19.5201 24.1013 11 7 4 608
19.5381 22.8015 11 7 5 609
20.6191 28.0128 11 10 1 610
20.6367 26.713 11 10 2 611
20.6543 25.4132 11 10 3 612
20.6719 24.1133 11 10 4 613
20.6895 22.8135 11 10 5 614
21.7721 28.0248 11 12 1 615
21.7893 26.725 11 12 2 616
21.8065 25.4252 11 12 3 617
21.8237 24.1254 11 12 4 618
21.8409 22.8256 11 12 5 619
22.9251 28.0369 11 14 1 620
22.9419 26.7371 11 14 2 621
22.9587 25.4373 11 14 3 622
22.9755 24.1375 11 14 4 623
22.9923 22.8376 11 14 5 624
24.0781 28.049 11 16 1 625
24.0945 26.7492 11 16 2 626
24.1109 25.4493 11 16 3 627
24.1273 24.1495 11 16 4 628
24.1437 22.8497 11 16 5 629
25.2311 28.0611 11 18 1 630
25.2471 26.7612 11 18 2 631
25.2631 25.4614 11 18 3 632
25.2791 24.1616 11 18 4 633
25.2951 22.8618 11 18 5 634
26.3841 28.0731 11 20 1 635
26.3997 26.7733 11 20 2 636
26.4153 25.4735 11 20 3 637
26.4309 24.1737 11 20 4 638
26.4465 22.8738 11 20 5 639
27.5371 28.0852 11 22 1 640
27.5523 26.7854 11 22 2 641
27.5675 25.4855 11 22 3 642
27.5827 24.1857 11 22 4 643
27.5979 22.8859 11 22 5 644
28.6901 28.0973 11 24 1 645
28.7049 26.7975 11 24 2 646
28.7197 25.4976 11 24 3 647
28.7345 24.1978 11 24 4 648
28.741 22.892 11 24 5 649
29.8431 28.1094 11 26 1 650
29.8575 26.8095 11 26 2 651
29.8719 25.5097 11 26 3 652
29.8863 24.2098 11 26 4 653
29.9007 22.91 11 26 5 654
30.9961 28.1214 11 28 1 655
31.0101 26.8216 11 28 2 656
31.0241 25.5217 11 28 3 657
31.0381 24.2219 11 28 4 658
31.0521 22.922 11 28 5 659
32.1491 28.1335 11 30 1 660
32.1627 26.8337 11 30 2 661
32.1763 25.5338 11 30 3 662
32.1899 24.234 11 30 4 663
32.2035 22.9341 11 30 5 664
33.302 28.154 11 32 1 665
33.3217 26.7414 11 32 2 666
33.3388 25.5155 11 32 3 667
33.3573 24.1956 11 32 4 668
33.3748 22.9464 11 32 5 669
34.455 28.174 11 34 1 670
34.4749 26.7519 11 34 2 671
34.4932 25.4409 11 34 3 672
34.511 24.1609 11 34 4 673
34.5282 22.9585 11 34 5 674
32.672 -18.4613 12 1 0 675
33.9536 -18.4613 12 2 0 676
34.01 -17.4279 12 3 0 677
35.8528 -17.4279 12 4 0 678
35.8828 -18.4613 12 5 0 679
36.2678 -60.5023 12 6 0 680
36.7652 -46.4844 12 7 0 681
37.0102 -41.3155 12 8 0 682
37.192 -18.4475 12 9 0 683
37.6431 -42.6919 12 10 0 684
38.0719 44.2447 12 11 0 685
38.1599 -16.9151 12 12 0 686
38.1599 -15.5899 12 13 0 687
38.1599 -14.1707 12 14 0 688
38.1599 -12.8291 12 15 0 689
38.107 42.9584 12 16 0 690
38.1405 19.9298 12 17 0 691
38.1599 18.5407 12 18 0 692
38.5011 -18.4613 12 19 0 693
38.7134 -44.1397 12 20 0 694
38.7217 -46.5299 12 21 0 695
39.215 43.5811 12 22 0 696
39.2172 42.9622 12 23 0 697
39.2215 41.7135 12 24 0 698
39.225 40.719 12 25 0 699
39.2375 37.1312 12 26 0 700
39.2526 32.8191 12 27 0 701
39.2893 27.9918 12 28 0 702
39.3069 26.7309 12 29 0 703
39.3319 24.9402 12 30 0 704
39.4347 21.1666 12 31 0 705
39.4487 16.5774 12 32 0 706
39.4517 18.5587 12 33 0 707
39.4522 19.9159 12 34 0 708
39.5529 12.7048 12 35 0 709
39.7413 -41.276 12 36 0 710
39.7462 -42.6846 12 37 0 711
39.7513 -44.1361 12 38 0 712
39.7596 -46.5263 12 39 0 713
39.7596 -39.526 12 40 0 714
39.7881 -47.6875 12 41 0 715
39.8167 -36.3297 12 42 0 716
39.8498 -32.1479 12 43 0 717
39.8747 -16.8974 12 44 0 718
39.905 -27.7379 12 45 0 719
39.8977 -19.9083 12 46 0 720
39.8954 -15.5411 12 47 0 721
39.8804 2.26526 12 48 0 722
39.9057 -17.9224 12 49 0 723
39.9495 -59.5464 12 50 0 724
39.905 -13.1888 12 51 0 725
39.905 -10.0886 12 52 0 726
39.9074 -12.029 12 53 0 727
39.905 -8.79756 12 54 0 728
39.905 -6.32343 12 55 0 729
39.9154 -14.2076 12 56 0 730
39.905 -2.57969 12 57 0 731
40.6995 19.9333 12 58 0 732
40.7221 18.3152 12 59 0 733
41.0565 -61.6972 12 60 0 734
41.0565 -60.5866 12 61 0 735
41.1669 -7.58956 12 62 0 736
41.1807 -11.5531 12 63 0 737
41.1864 -13.1888 12 64 0 738
41.6559 -59.3486 12 65 0 739
42.2595 -61.6972 12 66 0 740
42.2595 -60.5866 12 67 0 741
43.2008 -60.5866 12 68 0 742
43.2063 -61.6861 12 69 0 743
43.7811 -59.3486 12 70 0 744
44.6647 -61.6972 12 71 0 745
44.6647 -60.5866 12 72 0 746
45.6154 -60.5866 12 73 0 747
34.01 -16.9353 12 3 1 748
35.8528 -16.944 12 4 1 749
36.7652 -46.4742 12 7 1 750
35.4421 -41.321 12 8 1 751
36.8023 -42.6949 12 10 1 752
37.4989 44.2427 12 11 1 753
37.7309 -16.9151 12 12 1 754
37.6736 -15.5899 12 13 1 755
37.6572 -14.1707 12 14 1 756
37.6596 -12.8291 12 15 1 757
37.515 42.9563 12 16 1 758
37.7784 19.9247 12 17 1 759
37.8151 18.5359 12 18 1 760
37.9522 -44.1424 12 20 1 761
36.6258 -44.0941 12 20 2 762
38.0276 -46.5324 12 21 1 763
41.2093 19.9404 12 58 1 764
41.243 18.3225 12 59 1 765
41.0565 -62.0266 12 60 1 766
41.7013 -7.58769 12 62 1 767
41.6559 -11.5515 12 63 1 768
41.7066 -13.187 12 64 1 769
41.6559 -59.013 12 65 1 770
42.2595 -62.0401 12 66 1 771
43.2008 -62.0303 12 69 1 772
43.7811 -59.013 12 70 1 773
44.6647 -61.9888 12 71 1 774
